6
30
9
5
38
11
17
147
41
60
79
41
30
59
43
52
55
66
73
18
66
22
24
25
29
54
34
25
21
14
47
52
23
15
30
36
18
15
31
33
39
28
28
14
7
23
13
39
13
19
29
17
11
25
22
33
31
11
11
38
29
28
31
38
26
34
23
30
18
38
13
16
13
30
57
9
9
9
9
9
21
14
11
36
33
22
21
13
112
19
23
20
11
95
5
76
78
36
25
40
66
11
31
9
11
39
13
31
27
23
44
51
93
19
45
11
31
16
47
22
43
28
56
32
46
33
31
60
85
74
24
18
70
106
22
40
124
11
78
20
74
19
47
42
62
37
21
71
32
109
20
52
67
50
14
25
13
23
54
51
22
19
49
20
73
26
22
64
20
60
16
46
63
56
80
40
56
22
24
59
23
58
11
24
114
213
32
38
151
64
57
24
39
21
19
16
14
32
25
53
18
54
48
90
71
47
10
21
64
30
49
26
18
33
48
21
81
11
19
69
19
22
26
39
27
17
38
48
19
45
26
36
61
65
24
61
25
41
10
44
40
32
16
35
25
40
110
66
27
18
33
46
19
43
29
38
26
51
14
52
29
29
14
25
20
8
38
28
11
40
23
8
57
54
34
36
17
27
29
9
35
61
39
14
18
25
45
96
14
78
72
12
17
51
49
51
23
19
9
65
27
38
8
10
27
61
19
36
17
51
16
40
7
48
16
72
47
23
15
52
28
29
22
31
89
25
51
17
16
34
49
12
21
40
17
11
19
10
17
9
42
14
58
16
11
24
17
32
17
11
14
36
17
24
32
10
50
33
16
23
41
30
9
14
37
62
25
27
12
68
13
24
66
26
22
24
41
13
45
61
10
15
11
15
13
96
16
18
12
37
67
30
27
11
33
23
28
14
17
54
36
23
37
24
50
12
15
18
10
31
9
81
11
96
14
69
22
24
11
30
57
89
10
31
101
9
52
18
39
15
25
16
65
71
36
37
15
40
30
25
41
35
9
36
10
39
11
33
20
20
22
56
42
42
5
122
45
43
7
23
32
26
23
46
26
34
36
36
58
25
5
59
45
45
51
111
46
29
40
5
89
46
46
18
56
47
29
28
56
5
12
177
22
13
3
4
22
62
4
81
10
33
26
89
49
78
15
27
104
79
74
11
40
70
62
25
33
39
55
11
34
13
27
94
53
13
120
74
47
13
103
64
63
9
38
48
22
26
26
46
29
11
53
38
24
26
20
38
10
38
47
56
71
21
11
68
53
38
12
47
99
23
38
11
28
75
84
25
26
39
40
24
89
34
124
28
169
276
14
37
95
4
35
132
35
221
173
56
98
83
23
45
93
90
148
4
70
34
15
28
33
76
55
48
47
71
26
85
76
101
38
124
64
69
128
4
39
8
27
21
16
22
88
209
52
16
29
32
40
113
16
54
130
82
56
121
4
14
78
20
280
186
502
151
46
15
20
160
12
27
90
12
40
119
11
56
156
12
37
144
12
26
200
16
32
153
17
15
130
42
14
21
152
13
38
111
18
55
131
20
40
79
82
18
44
146
13
25
188
30
40
17
80
4
16
60
31
41
33
114
23
203
28
63
41
52
31
68
38
73
25
20
65
124
4
54
33
19
101
80
139
14
58
93
32
32
38
49
26
53
13
29
39
97
20
61
22
43
12
47
75
39
33
29
25
85
33
32
27
14
111
40
42
25
14
19
16
18
64
84
36
59
55
49
28
28
38
33
17
45
34
25
15
14
19
69
27
72
25
18
27
57
4
22
44
25
45
33
50
72
68
114
26
83
77
113
36
33
35
16
53
23
126
32
18
26
39
63
51
39
79
38
22
12
50
30
27
30
25
47
43
67
15
111
15
26
33
15
26
185
45
46
37
30
4
29
56
21
16
14
32
43
90
107
55
17
18
71
28
43
45
31
63
18
37
117
24
59
12
18
278
14
53
65
27
25
36
17
27
51
32
18
43
36
19
42
4
52
57
23
34
25
55
59
126
12
60
60
72
24
26
39
14
29
26
17
9
30
33
36
44
31
36
41
43
17
36
14
55
11
39
37
18
22
22
47
17
55
13
33
164
12
20
28
60
22
20
38
17
18
14
31
49
19
69
27
66
50
35
55
12
35
39
34
41
43
4
24
61
19
30
57
86
69
10
225
14
148
33
18
14
59
32
47
70
14
119
44
16
4
16
56
26
18
132
69
93
83
70
51
34
36
130
75
23
38
21
4
22
37
18
30
56
81
94
17
87
97
40
42
17
45
72
25
54
66
25
32
24
36
49
4
23
73
23
62
96
30
82
96
18
28
42
54
48
46
51
45
32
74
56
28
25
115
43
88
33
33
82
43
4
27
37
29
28
8
61
12
23
28
81
115
225
15
26
27
37
60
83
55
94
73
22
13
8
56
108
102
16
17
57
98
41
57
38
72
25
24
28
181
12
30
97
62
78
54
40
11
34
12
33
52
38
49
39
47
30
50
16
26
63
42
52
27
23
28
45
14
27
44
52
37
73
39
16
67
12
32
50
70
55
29
53
87
68
59
4
16
70
4
61
18
35
46
87
16
30
34
31
25
69
10
111
145
6
31
9
5
38
54
58
19
33
16
45
56
11
49
13
9
16
30
16
12
27
12
13
18
27
38
38
11
12
6
14
25
9
14
38
31
9
10
15
18
19
33
62
61
13
120
28
14
20
5
63
95
131
27
46
43
140
55
15
48
17
37
54
57
54
83
16
8
9
28
50
5
89
78
40
25
46
65
43
11
44
32
21
337
62
61
27
79
15
17
16
24
11
40
62
28
18
45
51
53
15
47
12
101
62
51
20
60
15
41
20
38
12
20
28
39
83
30
29
42
46
21
44
9
34
42
112
23
20
25
13
19
15
30
11
12
54
68
22
24
11
11
24
23
42
12
17
57
53
70
87
22
32
10
35
26
42
12
9
32
12
26
22
9
16
26
11
11
28
21
28
11
38
30
22
15
11
13
24
26
56
11
37
42
7
18
34
23
13
21
56
23
47
7
24
36
17
10
8
8
18
19
7
67
103
46
50
33
22
22
10
27
38
20
11
31
30
48
26
7
42
11
13
15
23
19
9
19
27
7
45
23
33
10
35
20
13
19
14
9
16
28
9
48
10
27
18
7
28
10
24
27
11
46
25
21
33
45
22
40
9
55
22
16
32
7
26
11
51
12
22
12
41
11
14
22
28
15
22
22
31
11
58
65
13
11
20
28
11
49
11
42
18
9
14
14
7
18
25
15
42
36
18
24
53
11
28
30
23
11
11
36
9
43
24
37
11
37
19
48
10
12
34
19
34
12
11
32
9
42
11
12
5
100
44
27
22
16
57
64
67
27
40
34
5
45
43
55
52
54
26
26
35
33
23
76
39
44
16
78
30
69
54
5
35
148
6
30
9
5
38
11
34
32
94
14
23
20
53
23
11
16
46
17
10
12
20
20
39
26
29
62
25
28
39
12
28
35
38
11
18
22
35
26
14
79
14
74
20
33
80
41
52
108
21
65
26
57
29
23
59
39
23
19
47
45
16
29
12
13
11
9
24
12
16
25
11
26
11
54
16
27
45
28
21
43
36
16
15
16
20
28
28
22
24
24
14
46
21
28
28
50
22
28
28
35
35
28
31
44
14
34
27
51
59
57
15
9
22
31
24
24
25
31
16
25
29
44
29
9
45
27
49
33
19
42
78
41
23
17
14
28
5
76
114
7
29
57
27
49
22
13
14
31
41
31
84
41
22
40
360
59
21
57
36
199
53
16
75
13
69
50
21
20
41
13
51
100
19
30
12
13
40
54
11
63
18
40
73
21
57
42
42
45
32
80
79
27
73
80
37
29
30
76
29
63
47
13
20
22
27
84
10
31
68
74
21
93
13
28
57
21
27
53
61
11
31
21
14
27
65
33
59
15
79
33
43
25
72
13
68
13
27
36
12
47
40
17
19
56
16
41
57
41
27
18
28
14
29
72
21
19
32
34
14
15
28
74
92
16
80
32
28
20
12
26
42
5
16
37
76
36
42
33
26
20
12
45
44
39
15
11
14
31
20
62
11
54
29
40
53
11
60
36
18
67
73
9
36
22
13
35
32
9
39
16
42
57
11
40
22
26
54
17
45
46
54
33
54
23
43
9
20
36
41
16
147
12
58
12
14
36
33
19
23
9
20
98
29
55
25
10
54
30
53
10
68
30
67
29
29
22
44
12
22
15
25
22
55
45
15
30
13
47
9
23
57
14
14
11
38
9
33
29
53
24
22
55
9
37
35
29
39
30
48
12
28
23
10
15
28
50
33
13
74
50
24
33
27
9
54
47
22
30
34
31
13
22
69
27
9
37
9
10
12
25
18
28
53
11
45
12
13
11
9
19
22
21
56
9
41
14
30
11
51
32
15
28
50
39
33
28
11
57
9
19
13
34
45
12
16
42
28
60
9
10
12
17
40
14
15
12
9
36
25
52
11
56
48
32
11
62
35
14
28
55
31
25
22
27
32
14
9
89
51
39
17
31
55
34
11
49
47
9
52
30
9
10
20
61
14
11
7
66
43
18
18
14
12
58
12
28
33
53
31
13
68
15
35
19
29
17
9
11
49
25
10
42
28
9
19
20
9
20
17
20
20
11
91
5
23
132
9
38
58
13
94
9
23
72
11
52
25
7
26
11
61
25
43
9
33
36
10
45
36
44
68
5
71
61
68
81
5
32
73
33
41
33
28
24
49
5
53
26
50
37
14
77
33
24
32
5
64
40
73
37
5
14
185
30
9
5
52
10
39
95
88
88
14
70
23
22
34
15
50
16
15
38
15
25
22
30
27
15
35
44
15
51
45
36
13
56
37
22
9
43
14
37
15
29
93
33
127
28
33
52
37
46
33
43
111
48
51
65
20
38
75
37
28
15
39
53
35
65
39
50
13
75
35
41
55
76
12
13
58
45
38
48
68
47
121
73
23
35
75
84
30
34
59
24
27
36
37
40
55
42
31
26
26
37
32
42
23
16
13
12
9
99
64
37
41
19
59
38
59
23
36
47
31
80
29
21
22
11
22
14
52
28
44
38
36
38
12
26
39
14
39
18
59
23
32
45
16
58
22
81
16
44
29
9
34
18
36
35
36
33
41
24
27
44
25
35
81
18
45
9
9
9
30
20
48
7
32
31
78
32
12
43
5
21
26
17
26
112
42
20
23
9
28
16
69
42
28
18
70
69
30
14
14
51
5
63
67
114
10
60
85
38
14
49
11
69
18
18
58
22
61
360
25
59
63
26
81
185
51
36
58
59
18
69
41
24
35
57
68
18
59
61
64
12
18
51
45
11
40
30
43
20
68
17
89
15
15
35
16
70
8
63
10
21
25
9
112
9
82
21
69
9
44
52
30
13
10
20
47
27
16
41
55
12
30
20
29
51
10
59
25
20
15
17
24
45
11
29
20
30
20
15
53
13
46
11
43
43
48
12
31
29
32
22
43
15
33
100
51
75
22
15
38
9
12
27
80
14
24
22
9
75
27
45
17
17
41
32
21
49
34
9
43
19
8
24
9
58
24
14
9
33
9
32
63
31
9
63
13
36
17
30
21
19
11
52
13
17
40
16
56
33
9
33
74
39
32
32
14
27
35
13
52
14
16
9
26
32
23
20
25
92
7
10
24
14
36
13
36
17
9
9
31
46
52
37
9
22
21
64
46
13
18
30
33
41
33
16
51
10
30
39
23
34
69
18
10
26
43
35
22
50
17
46
16
18
33
28
23
12
25
18
46
19
16
27
55
15
41
13
28
20
24
9
41
11
25
35
79
19
27
34
11
26
11
11
15
39
39
14
74
37
15
49
9
40
40
19
18
19
47
11
24
13
30
55
12
33
40
15
66
25
11
49
18
22
14
49
9
46
41
43
23
16
9
14
8
78
32
30
11
23
53
61
29
42
9
22
41
22
15
10
20
50
15
18
20
23
11
19
28
15
22
21
25
94
18
45
19
40
18
7
10
29
15
19
37
5
24
105
14
32
27
89
20
20
43
39
11
39
47
7
37
59
9
52
19
29
41
29
63
5
21
28
22
29
35
70
77
5
102
33
26
18
25
24
63
5
33
54
30
26
57
32
46
46
5
21
26
26
39
34
24
16
26
5
14
166
19
18
15
13
10
9
8
13
16
27
39
35
35
72
75
59
12
36
55
23
79
17
71
48
83
17
15
40
61
72
27
13
17
57
143
17
18
61
79
54
51
31
12
9
12
24
53
126
12
25
32
58
5
23
12
48
83
135
117
18
169
29
69
63
123
18
70
51
45
18
28
74
101
38
71
43
18
145
51
117
41
52
17
76
77
48
72
17
79
61
44
42
53
47
63
19
33
42
120
116
17
67
50
29
38
58
92
54
28
17
39
21
44
46
27
62
94
10
35
18
30
57
60
104
14
15
16
13
9
8
12
15
53
20
46
16
10
13
13
64
90
13
63
27
52
53
23
30
64
46
13
94
38
28
50
49
12
10
23
61
13
5
18
13
16
13
13
8
15
37
31
47
10
23
26
33
29
23
35
33
23
11
34
41
70
117
71
5
18
15
40
5
36
30
62
37
13
22
39
16
73
25
35
51
78
95
16
14
125
35
32
31
42
45
30
35
42
31
96
66
29
32
18
12
41
31
38
27
13
35
31
50
49
21
54
67
45
37
30
44
18
34
5
59
53
39
14
67
61
36
19
44
37
24
55
22
24
13
92
54
31
33
23
57
34
40
49
17
30
52
27
48
15
14
39
72
43
64
25
30
95
104
37
31
46
30
47
14
28
93
20
22
37
101
33
16
9
27
20
25
31
44
14
48
29
49
16
12
30
32
42
54
8
44
47
37
105
55
64
52
44
23
39
73
49
17
31
42
34
67
21
35
49
21
95
37
19
25
36
24
32
38
12
36
21
70
24
20
15
38
15
60
47
28
14
54
28
56
44
20
34
20
11
52
22
30
44
26
42
70
21
40
58
30
15
31
44
38
40
46
17
17
18
48
39
16
62
47
50
35
31
73
38
62
39
13
22
65
90
32
48
66
26
27
38
35
41
30
38
44
27
40
32
49
53
21
23
55
33
34
96
38
23
29
24
55
61
7
56
63
35
18
15
49
73
45
33
22
97
32
47
35
37
44
13
13
15
13
9
10
5
12
57
37
25
71
11
15
18
99
26
17
38
59
45
36
17
23
57
40
19
21
61
58
29
24
17
22
47
36
58
5
47
44
56
100
45
34
58
16
45
30
32
43
52
5
23
50
16
29
59
20
46
36
103
74
21
38
22
27
50
31
59
29
49
31
36
57
45
23
50
24
33
45
26
24
57
63
30
28
10
28
37
29
14
77
14
52
20
39
72
62
55
78
66
37
17
23
50
82
10
19
43
16
37
38
25
41
35
73
15
29
40
41
41
47
50
40
56
35
32
28
20
34
21
40
36
41
70
39
11
23
52
47
23
16
17
42
73
20
40
61
10
55
34
25
9
6
51
37
52
62
44
14
29
27
9
43
32
43
48
60
67
61
54
37
36
47
60
37
36
38
80
21
33
47
62
72
17
29
53
47
46
36
22
20
55
31
52
20
46
53
8
60
40
28
28
46
14
13
11
45
48
42
93
12
93
67
44
53
49
103
29
22
52
28
88
38
16
53
62
18
67
10
82
47
50
23
28
43
22
30
36
29
35
48
17
83
26
27
19
31
29
14
24
53
7
17
39
94
75
66
31
26
40
27
40
56
47
64
56
7
35
23
23
74
72
33
9
40
85
29
15
55
74
72
34
29
29
24
8
37
50
8
25
101
8
30
65
42
38
22
43
35
85
34
8
46
26
5
43
52
31
16
43
19
17
32
58
21
51
27
25
113
14
58
22
14
94
10
70
7
35
2
95
19
69
42
45
23
54
56
68
85
68
159
119
111
127
31
112
128
111
153
74
88
176
62
33
44
53
74
134
16
150
38
101
64
100
47
141
60
38
16
29
41
60
32
55
20
38
38
65
64
20
94
53
71
8
35
36
20
92
170
17
65
56
20
143
10
31
60
27
20
103
90
154
97
32
131
43
40
86
83
56
34
22
48
191
185
19
12
74
61
72
25
41
83
15
29
75
33
27
58
11
27
28
49
94
65
46
46
12
12
86
26
43
56
47
41
20
49
35
53
61
16
54
58
38
33
6
94
32
41
20
44
15
115
83
51
74
62
55
53
94
13
31
30
16
82
19
52
59
40
25
38
67
67
54
44
33
21
97
16
18
15
36
29
83
49
27
22
58
23
32
13
32
62
28
42
54
27
10
34
14
60
41
33
33
23
39
41
23
35
30
76
16
45
34
13
21
30
34
38
29
89
16
45
29
37
54
21
63
33
29
51
19
32
68
20
84
35
29
13
18
92
56
53
26
87
10
30
58
26
18
17
18
15
10
11
15
55
56
20
25
23
26
31
27
25
48
47
27
39
25
28
45
37
76
33
40
10
69
21
27
45
21
17
18
22
27
38
24
32
24
36
33
30
23
65
47
72
35
58
24
10
72
53
63
36
41
43
8
90
125
91
12
56
71
54
64
34
72
45
30
126
84
63
32
63
71
59
8
36
76
35
11
19
78
128
101
79
48
149
55
38
50
59
35
8
52
35
43
57
70
38
29
43
12
24
43
13
46
97
44
54
59
74
55
64
75
31
37
42
26
28
87
12
33
51
27
26
43
56
47
22
35
25
22
101
192
45
39
150
60
59
141
6
52
11
142
26
17
18
56
16
72
18
34
37
63
57
9
25
29
29
24
15
31
67
42
31
30
26
21
29
13
43
32
66
14
65
16
32
36
17
59
17
49
19
41
44
23
28
60
71
34
39
66
22
30
53
18
12
48
26
20
41
22
22
17
64
60
63
37
55
28
16
16
20
26
39
38
53
31
78
19
43
76
30
30
47
32
16
68
25
29
36
103
120
44
59
89
46
7
25
11
12
19
38
50
43
38
29
52
21
36
32
30
53
25
60
72
45
61
48
29
33
47
38
8
19
38
46
43
38
43
60
37
34
27
19
22
24
20
56
18
20
24
37
69
24
14
39
68
31
82
42
49
34
60
49
7
37
20
42
20
74
23
26
20
47
42
23
32
22
28
28
43
62
25
9
32
32
13
52
13
38
45
13
22
67
51
37
5
54
96
36
25
34
55
29
24
53
35
70
5
15
30
19
25
35
41
26
58
16
16
40
24
30
46
8
42
18
56
43
17
26
47
33
22
18
36
66
17
22
61
21
23
8
20
135
29
53
24
55
36
41
13
53
17
46
9
68
41
36
40
64
24
37
77
62
19
14
45
33
11
69
39
29
41
16
56
16
75
16
45
22
27
13
17
51
48
44
29
24
81
58
21
45
62
86
71
35
54
36
60
51
47
59
33
82
35
40
66
52
41
54
58
31
21
27
54
29
32
41
39
79
34
15
23
31
20
12
26
50
60
39
42
12
12
13
15
36
44
44
16
84
19
71
24
29
25
12
33
34
25
38
68
36
32
64
59
34
29
45
14
23
50
67
25
23
24
91
48
45
100
30
45
135
19
21
16
64
27
54
43
33
17
41
42
47
19
45
39
64
42
35
42
44
45
45
38
20
26
15
42
6
54
49
52
26
20
40
34
26
22
20
49
61
11
13
15
16
12
13
18
46
55
46
16
74
9
59
39
66
92
11
50
40
34
56
36
11
57
36
87
11
72
98
14
11
47
13
91
16
80
13
29
43
38
16
22
60
116
13
32
26
76
64
32
30
13
27
24
28
27
53
30
18
62
13
37
34
75
36
46
39
16
30
32
61
16
33
70
51
81
15
29
35
56
76
13
14
69
86
99
45
14
24
93
15
15
13
5
5
95
48
45
22
39
4
21
28
37
8
74
21
23
73
43
43
24
49
54
47
21
40
51
38
5
41
35
16
91
13
28
60
30
43
32
15
55
46
116
5
12
29
55
30
25
15
12
15
12
5
5
10
26
54
25
51
27
35
44
60
37
20
42
43
44
48
54
27
80
28
64
59
35
47
5
51
26
30
60
33
66
30
97
30
20
37
35
41
36
92
104
30
68
75
38
78
28
55
27
5
62
39
37
71
21
65
61
12
52
57
12
19
94
12
19
64
12
43
58
12
72
5
31
45
23
52
63
75
28
93
24
60
50
24
44
53
24
48
55
24
20
56
63
5
15
49
33
78
51
90
22
20
56
18
52
34
52
26
99
24
44
62
23
28
19
39
37
36
36
105
22
27
57
79
65
21
78
57
48
34
33
37
21
46
47
28
40
35
17
15
46
68
49
35
22
41
46
48
140
26
46
36
37
48
80
17
113
99
80
75
39
17
71
69
38
43
55
38
49
41
24
50
21
57
28
53
49
62
27
62
44
63
89
57
87
33
43
37
22
16
58
57
60
66
29
9
37
24
41
44
41
36
45
56
64
68
33
27
23
22
49
178
44
52
44
32
47
49
28
34
38
31
13
15
118
20
22
28
36
37
89
15
34
30
38
24
13
20
21
32
19
11
32
42
27
36
78
13
32
55
50
30
64
20
111
9
19
15
13
10
8
15
17
16
18
62
37
24
32
34
20
37
45
22
28
27
25
46
5
37
57
17
73
81
30
17
70
40
58
51
70
39
39
17
82
17
16
44
42
17
16
29
75
5
33
45
30
3
44
39
11
72
21
82
63
34
32
23
30
47
50
18
63
54
23
66
16
49
45
14
39
28
18
17
25
68
16
33
35
11
73
35
38
65
15
66
48
48
16
10
26
22
25
32
38
22
27
49
26
37
56
49
53
27
23
10
20
26
28
40
34
44
36
14
52
53
88
24
27
39
77
35
18
25
52
33
35
54
68
31
41
30
16
40
28
71
23
19
30
38
19
41
37
50
48
24
28
49
19
20
33
25
21
32
39
31
83
15
19
15
41
31
11
89
24
21
49
31
18
69
29
15
90
50
52
50
71
24
88
51
27
37
40
33
36
30
30
45
74
57
50
36
33
31
62
15
25
20
54
34
41
35
20
64
50
31
42
69
44
69
30
23
68
17
30
56
43
20
52
22
13
111
47
28
41
44
44
22
25
51
44
54
36
10
39
22
25
32
10
42
58
20
15
32
51
49
27
51
30
23
25
27
27
23
61
29
15
45
28
8
30
16
15
35
28
43
16
24
48
35
9
19
15
13
9
5
4
41
106
56
45
15
55
68
14
21
24
56
26
44
60
14
17
19
29
47
35
16
39
42
44
27
16
45
29
21
48
32
76
50
42
5
21
44
5
29
22
12
12
5
5
39
76
22
54
41
28
231
23
71
203
5
74
33
36
86
71
38
41
47
31
27
126
121
26
55
32
29
29
31
30
86
25
50
92
66
95
26
52
161
99
5
14
47
43
77
3
31
32
41
73
108
42
44
32
104
54
33
18
87
117
5
14
121
5
18
14
14
11
23
61
35
21
37
29
23
65
10
31
22
18
41
45
33
12
18
26
33
10
10
20
44
29
32
15
18
90
20
26
127
27
18
25
19
26
50
33
32
23
29
17
15
10
70
20
9
7
42
62
45
34
33
78
64
42
15
97
76
15
49
50
62
45
15
88
109
15
51
71
15
66
47
34
33
32
19
17
56
17
43
55
17
29
64
17
39
22
33
17
42
50
17
71
48
40
35
44
33
54
74
101
63
72
79
50
14
42
107
25
12
62
50
43
12
58
59
7
71
12
121
43
39
24
53
38
54
80
107
23
41
19
92
35
75
25
41
45
56
33
34
16
66
16
71
16
70
16
93
56
39
17
27
27
55
74
58
26
17
22
62
54
44
26
44
48
85
35
36
48
26
21
28
22
40
23
107
50
31
73
46
58
69
50
53
46
72
17
26
83
40
35
22
42
69
38
35
41
43
48
34
19
32
70
56
66
20
20
18
68
18
68
18
87
26
23
33
43
51
64
28
46
89
85
20
41
40
38
29
22
35
40
37
47
25
14
38
54
88
38
34
53
43
61
22
42
50
66
76
74
65
49
40
20
21
57
32
7
25
31
80
60
66
75
54
14
51
29
15
35
98
33
69
34
36
49
19
59
20
26
72
15
13
55
16
12
23
31
14
58
17
55
46
14
19
81
16
18
60
14
59
115
14
88
13
67
10
13
24
12
16
5
5
4
32
48
40
32
49
37
31
48
37
83
82
73
34
10
40
30
42
24
14
147
14
109
65
13
38
87
30
44
14
26
44
44
55
27
25
38
22
73
35
140
53
29
19
77
55
49
66
23
69
35
53
46
26
29
38
83
91
80
89
64
49
40
43
30
17
75
24
99
60
11
49
18
34
63
68
41
44
37
68
57
73
32
63
10
38
51
20
40
54
50
32
38
41
38
36
57
37
16
56
67
42
58
54
46
39
19
25
57
34
60
11
52
49
36
22
81
10
36
94
88
51
11
53
78
30
15
88
77
51
40
33
23
141
104
111
93
31
69
68
45
34
48
36
36
36
79
45
35
20
63
78
18
29
45
37
23
81
51
29
30
5
82
101
35
30
92
14
40
110
16
37
27
38
15
19
87
13
43
42
50
44
15
145
13
65
44
41
5
8
26
74
5
17
33
49
109
35
24
37
67
30
79
61
49
50
46
34
37
62
66
47
64
38
17
33
74
60
28
112
71
42
30
28
28
68
33
63
32
78
47
46
40
44
32
31
40
31
79
13
19
33
29
48
39
83
33
60
60
35
38
60
38
86
101
24
24
14
18
28
17
5
4
56
47
59
59
44
42
7
14
20
39
38
35
69
45
40
79
55
84
36
56
93
21
52
40
20
71
25
82
53
108
60
46
14
93
55
25
17
57
23
14
16
18
32
54
38
16
39
65
41
43
27
15
84
58
48
21
35
57
13
110
50
48
20
49
55
76
5
107
14
23
63
27
5
24
26
13
13
8
8
5
5
23
59
16
92
5
18
70
42
20
27
70
5
47
114
10
30
10
61
10
57
67
10
76
10
12
42
50
41
5
29
35
9
86
45
9
113
9
84
57
61
9
43
69
37
38
9
62
56
9
61
9
39
37
46
9
29
39
9
81
5
31
67
5
29
13
13
11
16
8
8
84
22
35
37
27
50
72
8
8
37
54
107
98
50
59
35
61
79
44
53
58
46
89
8
8
20
94
31
83
59
40
38
17
42
86
52
16
16
43
110
30
29
19
15
15
47
31
55
79
31
83
17
86
31
38
58
38
32
77
46
8
8
10
34
22
22
18
58
5
11
32
13
13
8
8
4
4
39
36
18
26
27
76
32
10
43
45
11
34
45
40
31
51
20
10
31
23
58
22
41
21
21
62
25
36
38
5
16
36
48
51
15
84
74
41
67
81
5
13
17
54
18
33
19
12
5
48
33
34
14
20
40
55
91
68
18
66
37
58
3
19
22
12
13
5
21
16
41
42
5
79
31
43
23
12
37
30
40
20
30
51
25
11
57
59
31
32
13
35
14
9
99
11
74
9
69
9
79
13
30
18
48
32
9
93
44
31
36
22
33
44
33
37
59
20
27
60
24
79
53
56
57
5
13
20
45
13
11
16
12
9
8
5
8
68
77
5
58
64
48
57
52
5
24
32
30
39
30
64
37
61
5
51
22
14
84
70
53
42
48
12
102
40
20
62
42
58
13
52
42
51
43
30
96
40
16
23
55
33
50
49
25
35
32
11
59
15
64
44
44
73
57
5
21
45
30
46
68
7
23
11
15
19
21
23
8
8
4
35
72
26
34
92
77
5
5
25
72
27
21
39
60
110
72
29
21
100
41
59
81
21
37
44
109
5
5
23
66
27
20
40
33
71
45
19
55
63
21
78
29
36
21
94
5
5
28
30
39
12
42
18
19
5
22
39
19
15
6
5
37
20
33
103
12
16
13
18
79
22
40
15
16
27
38
57
41
40
58
16
20
22
44
46
30
49
16
57
27
69
58
5
20
48
20
83
30
20
26
42
72
20
22
29
65
5
16
17
116
79
49
58
3
14
46
17
14
7
5
59
33
12
65
26
41
5
13
34
21
37
13
30
37
58
13
31
32
34
22
13
32
51
30
5
28
15
45
36
26
26
32
65
25
66
18
22
74
5
49
26
62
58
64
54
59
126
50
3
13
16
15
13
8
8
35
50
65
47
25
57
13
18
32
36
22
29
36
9
11
36
40
84
9
18
19
52
9
117
9
136
39
17
56
16
22
29
34
90
5
29
45
69
37
45
42
70
38
56
59
84
49
58
87
5
14
24
66
5
15
27
15
13
15
13
14
5
8
4
14
30
70
12
55
61
46
45
8
4
15
48
40
51
51
28
11
20
34
52
20
52
47
51
77
11
20
20
27
55
36
71
53
20
14
53
53
30
42
39
20
24
54
41
49
52
8
4
36
31
29
67
20
54
48
20
67
20
78
20
57
66
8
4
20
93
33
56
56
37
80
16
8
4
16
58
5
19
64
43
23
125
27
51
18
62
11
11
33
37
39
62
80
103
79
57
40
45
41
37
21
57
58
65
24
62
66
49
12
27
134
75
32
55
27
40
54
37
73
71
70
45
19
63
70
35
87
24
35
40
102
66
16
38
31
30
65
48
79
9
38
32
81
52
22
48
15
24
43
66
27
51
34
76
43
79
21
22
98
78
59
14
63
49
13
23
56
37
14
17
58
105
72
12
27
13
9
62
11
68
22
35
43
38
23
18
40
86
31
33
57
18
67
39
34
47
93
22
55
38
53
25
39
26
45
27
41
40
31
70
37
40
29
86
30
57
55
35
28
29
23
28
31
97
46
62
41
42
44
55
47
17
32
31
73
21
56
39
35
60
22
54
49
34
23
17
15
34
81
25
23
71
26
49
39
46
33
37
17
113
34
38
60
13
17
77
69
64
36
46
44
50
46
12
17
35
19
10
5
5
27
21
37
44
25
30
45
53
5
17
61
55
19
33
48
53
14
48
37
32
15
48
31
51
5
54
64
71
48
18
26
45
63
57
30
30
80
28
5
57
18
76
51
61
41
51
42
35
54
89
60
13
5
5
14
21
39
19
3
17
18
8
5
5
31
51
44
39
50
108
76
80
86
98
96
77
4
27
51
23
105
52
68
22
17
79
22
63
37
22
92
113
29
36
61
23
9
87
4
9
15
19
45
16
25
15
13
9
8
4
60
58
56
29
8
4
17
32
18
37
69
43
97
27
33
83
30
29
60
47
31
35
33
45
46
77
24
48
44
47
8
4
41
19
37
69
33
17
17
88
58
100
23
16
41
20
51
42
44
61
22
20
19
31
28
65
39
63
48
19
33
87
26
45
32
23
50
8
4
58
87
18
18
34
34
43
60
77
19
57
25
48
88
15
23
42
40
21
35
30
45
14
58
60
33
59
18
20
64
54
48
8
4
22
36
47
40
5
25
12
16
49
20
67
49
51
22
80
47
73
22
145
19
10
75
288
19
10
41
46
50
41
82
48
48
19
10
44
39
46
32
37
47
19
10
58
69
28
55
50
54
27
19
10
14
38
47
45
63
19
86
54
19
10
15
37
23
18
55
42
18
16
33
85
48
19
10
92
106
85
36
46
39
47
19
10
30
45
64
37
48
66
62
28
30
37
77
11
34
50
78
49
11
81
75
44
31
11
32
32
91
11
63
36
52
11
68
43
45
11
39
59
46
95
12
41
68
88
18
128
17
27
28
22
5
6
60
54
21
9
27
78
38
81
47
46
15
64
57
34
83
35
108
35
45
27
34
76
29
58
5
57
71
95
59
85
122
47
57
28
3
28
16
13
5
4
11
38
12
14
54
52
17
14
44
35
71
15
54
73
20
5
17
20
16
13
8
8
10
10
34
24
46
65
64
43
46
42
21
51
55
84
39
67
21
38
47
41
41
31
18
45
44
21
76
48
38
45
21
52
23
43
61
46
61
62
26
63
65
22
14
51
34
15
86
61
23
28
54
36
73
8
5
133
38
19
46
10
47
3
15
11
22
13
5
5
6
29
63
55
19
35
94
19
52
142
53
19
48
85
39
22
42
36
4
30
53
86
4
26
18
66
26
39
40
81
23
56
80
21
41
40
48
38
24
164
4
32
120
4
61
43
7
10
9
17
5
28
27
16
13
8
8
29
49
52
58
44
5
26
31
20
12
28
38
50
67
20
13
35
35
44
39
30
47
14
54
19
25
45
65
37
53
30
48
48
18
23
46
77
34
32
45
43
19
30
18
16
38
39
49
72
53
38
5
43
34
54
94
5
22
51
42
23
32
66
5
22
15
13
15
13
10
5
8
4
25
55
15
32
54
82
30
35
49
8
4
25
35
35
130
8
4
25
47
19
35
20
54
77
20
44
51
20
65
59
8
4
34
64
43
51
32
25
32
24
8
4
14
26
68
114
95
11
33
14
94
12
29
35
29
40
12
34
37
51
16
79
47
32
8
4
16
34
41
5
29
15
13
5
5
50
24
36
87
9
49
19
40
12
52
5
24
58
42
36
48
5
14
29
55
65
13
33
37
16
43
46
14
44
40
52
36
14
44
79
21
29
5
13
104
39
19
29
41
21
5
46
30
3
